9
10
12
16
69
74
75
81
90
92
100
103
108
120
129
144
160
166
172
173
181
191
192
235
256
257
263
282
289
302
335
347
355
363
365
374
376
386
402
426
433
438
439
443
484
493
529
536
545
555
562
563
568
575
584
621
625
638
649
653
654
666
675
690
699
706
729
740
750
757
797
802
807
809
810
828
829
831
841
857
872
888
898
900
901
919
920
922
927
932
972
979
989
1000
1023
1030
1039
1054
1063
1075
1076
1080
1091
1104
1108
1145
1154
1161
1166
1167
1174
1184
1193
1200
1236
1245
1286
1290
1291
1296
1303
1327
1343
1353
1355
1364
1366
1374
1382
1394
1427
1440
1447
1466
1472
1473
1494
1537
1538
1548
1556
1557
1563
1569
1585
1600
1609
1621
1626
1629
1637
1639
1648
1654
1655
1660
1713
1717
1719
1720
1728
